1
3
1
0
3
1
0
1
4
2
0
0
5
0
5
0
11
5
8
48
27
22
9
15
20
35
69
34
44
35
80
69
121
121
130
154
424
139
114
86
127
294
191
253
215
151
161
198
290
336
349
323
295
317
226
312
306
375
425
414
307
339
435
460
541
525
451
425
453
455
408
389
363
384
374
363
387
383
369
365
369
364
376
380
375
378
347
340
326
318
313
303
274
262
256
252
234
228
231
228
232
229
217
220
218
221
223
224
217
219
253
262
258
263
271
275
280
278
295
292
300
296
293
291
281
264
256
244
238
202
195
189
186
184
181
179
175
172
168
165
162
159
161
163
160
158
156
159
157
155
160
157
157
161
160
159
162
163
159
157
162
160
181
183
180
182
179
181
184
187
189
186
188
185
189
191
193
195
192
196
210
218
215
216
203
206
199
206
207
211
206
212
214
209
211
208
215
224
232
227
237
251
276
285
302
358
392
407
411
456
461
469
501
528
538
557
602
638
647
659
674
686
695
684
697
710
713
709
715
721
727
758
801
854
896
923
944
1031
1093
1171
1258
1331
1403
1485
1574
1667
1756
1852
1944
2039
2130
2215
2312
2394
2476
2668
2926
3179
3421
3669
3687
3695
3701
3691
3697
3684
3692
3694
3726
3753
3741
3734
3761
3774
3779
3776
3768
3771
3765
3758
3763
3757
3754
3759
3752
3760
3749
3756
3751
3755
3761
3748
3757
3764
3758
3746
3742
3738
3657
3649
3341
3005
3017
3006
3010
3004
2731
3003
3041
3094
3253
3316
3287
3281
3347
3112
3104
3056
2929
2116
1510
1813
2128
2284
2512
2160
1842
1484
1916
1571
1463
1248
1175
1551
1078
1169
1127
1134
1130
1099
1093
1082
1103
1094
1087
1092
996
957
913
909
911
947
951
939
943
937
962
986
983
975
968
956
941
959
961
957
943
937
933
916
927
918
921
899
881
865
812
807
804
782
749
701
697
719
715
710
708
717
711
707
702
705
695
703
699
694
706
701
712
719
704
701
695
692
687
693
682
694
689
701
706
712
723
716
725
737
718
704
709
711
715
722
726
729
724
717
734
741
739
749
767
763
772
784
791
815
833
842
851
844
839
836
840
846
829
822
817
828
841
834
857
861
854
846
852
859
863
867
862
865
902
927
946
970
996
1019
1046
1065
1092
1143
1194
1247
1298
1335
1374
1503
1612
1671
1733
1784
1828
1869
1906
1937
1951
1978
2007
2029
1936
1942
1954
1948
1957
1941
1938
1934
1939
1943
1940
1937
1934
1929
1923
1918
1925
1916
1915
1911
1914
1910
1906
1911
1909
1904
1907
1895
1811
1804
1801
1810
1823
1668
1383
1156
1636
1563
1691
1665
1481
691
600
1385
1301
1395
1406
1318
549
513
1312
1330
1437
1494
1357
690
626
1430
1380
1504
1629
1597
805
839
1609
1653
1738
1791
1834
1137
1060
1521
1698
1874
1907
2055
1527
1530
1933
2077
2281
2494
2463
2198
1894
2187
2418
2501
2717
2822
2931
2158
2470
2345
2632
3088
3323
3097
3220
3274
3280
3233
3360
3297
2693
2735
2913
3186
3452
3578
3597
3250
3066
3269
3271
3363
3138
2551
2597
2680
2942
3230
3421
3273
3144
2968
3131
2793
2645
2714
2637
2496
2215
1060
1387
1538
1704
1879
2072
2181
2103
2419
2623
2609
2528
2420
2412
2381
2209
2111
2267
2045
2012
1968
1989
2055
1992
1984
1997
1955
1958
2075
2166
2198
2117
2072
1851
1834
1802
1526
1532
1529
1534
1468
1341
1297
1273
1286
1291
1376
1323
1419
1512
1659
1839
2708
3314
3958
4132
4078
4382
4753
5922
8451
9535
8413
9722